##BLOCKS= 1          
Plate:	Plate#1	1.3	PlateFormat	Endpoint	Absorbance	Raw	FALSE	1						1	450	1	12	96	1	8	None	
	Temperature(¡C)	1	2	3	4	5	6	7	8	9	10	11	12		
	23.40	0.0597	0.0704	0.0645	0.0642	0.0655	1.0196	3.1387	3.1934	2.365	2.3162	3.2503	3.3872		
		0.0532	0.0504	0.0474	0.0503	0.0505	0.3534	1.7976	2.1848	0.7194	0.7525	3.138	3.3335		
		0.0498	0.05	0.0489	0.0477	0.053	0.165	0.7446	0.8795	0.3225	0.325	3.0895	3.2146		
		0.0504	0.0521	0.0474	0.0479	0.0482	0.0732	0.2016	0.2515	0.1004	0.0949	1.8387	1.7107		
		0.0508	0.0492	0.0477	0.0473	0.0477	0.0564	0.09	0.1179	0.0668	0.0731	1.0783	0.7728		
		0.0496	0.0473	0.0472	0.0472	0.0483	0.0487	0.0575	0.0597	0.0513	0.0515	0.2808	0.2481		
		0.0481	0.0487	0.0482	0.0486	0.0472	0.0489	0.0509	0.0612	0.0524	0.0507	0.2947	0.1634		
		0.0492	0.049	0.0497	0.0497	0.0483	0.0496	0.0482	0.0656	0.0498	0.0479	0.0558	0.0477		
		
~End
Original Filename: Untitled   Date Last Saved: Unsaved
